0.42638814
0.1020867
0.09160128
0.08092368
0.113845736
0.1600139
0.09355284
1.2539774
0.100175306
0.12152778
0.09999091
0.39069355
0.10056591
0.10027493
0.19863017
0.10047544
0.13470155
0.25989577
0.090015605
0.079516724
0.089797
0.1690219
0.16827832
0.09056656
0.15743423
0.09054037
0.18160388
0.090106554
0.13437307
0.11229607
0.17529601
0.104331665
0.11402175
0.10393516
0.21564467
0.1612811
0.19790702
0.11498578
0.08213369
0.104488134
0.17404713
0.1153082
0.15930012
0.09693444
0.086283796
0.16173387
0.18696247
0.16051513
0.109869786
0.11019155
0.110922314
0.17597441
0.0882476
0.17601104
0.27714288
0.1158024
0.08239214
0.19333193
0.07133243
0.07077827
0.18715344
0.20717642
0.13835451
0.2775448
0.2398592
0.08348641
0.16138272
0.10603235
0.094665535
0.09459838
0.2391666
0.22252613
0.25247753
0.08408233
0.1485643
0.22326544
0.22453725
0.22527592
0.22691552
0.2570109
0.25022602
0.23265211
0.24118355
0.40572605
0.4813548
0.4566385
0.34748313
0.39348096
0.3558676
0.24601051
0.07989994
0.080105916
0.14676267
0.09190781
3.229475
0.17483166
0.08530015
2.4639633
0.1584088
2.59703
0.09969102
0.08399392
0.11818246
0.18441457
0.15132557
0.10774135
0.118476115
0.09655808
0.108066596
0.28585187
0.108889125
0.09381405
0.9364818
0.19024114
0.97691405
0.9929143
0.09118539
1.0448613
0.98038024
0.39849356
1.6474525
0.9704544
0.09693159
0.97328526
0.16100977
0.43281725
0.13699365
0.21377909
0.15372017
0.09792736
0.23313631
0.23254281
0.19678515
0.16517337
0.07626835
0.2538408
0.098792404
0.11828553
0.08868148
0.13190712
0.18909463
0.19051093
0.09039249
0.09091257
0.10097788
0.22943611
0.22257411
0.25136733
0.22618222
0.2062703
0.21329428
0.11798999
0.22658946
0.19305441
0.104502365
0.104617774
0.14927393
0.10464188
0.0930818
0.081533596
0.08159518
0.23779331
0.11565
0.093492925
0.10471981
0.09176211
0.4538943
0.09344858
0.08287505
0.18490405
0.094054945
0.13882141
0.08311403
0.0937703
0.18572156
0.09284086
0.093415074
0.19613518
0.17253202
0.22718517
0.08242031
0.12629032
0.1501196
0.18369894
0.10561031
0.10522107
0.08351205
0.10553843
0.28366792
0.10651556
0.08424048
0.101452254
0.090518184
0.16946079
0.32412353
0.10162755
0.11974676
0.13129453
0.07989431
0.080458
0.09085104
0.16366245
0.16821699
0.09125748
0.41537443
0.4581991
0.48338342
0.483967
0.08318684
0.18301028
0.18455753
0.19814743
0.1511127
0.10603972
0.20590098
0.21813549
0.20062895
0.09601548
0.19803001
0.19585787
0.10728427
0.107319996
0.17399828
0.19740812
0.10706551
0.10726001
0.08572113
0.12943816
0.28483057
0.09631258
0.09629995
0.14044113
0.107009485
0.07565499
0.10975217
0.13074766
0.17530155
0.097785994
0.09737053
0.19313437
0.17536458
0.098062135
0.12013982
0.097472824
0.21325412
0.10770252
0.09640883
0.107249774
0.12958771
0.28517914
0.14099081
0.2677779
0.15244202
0.157411
0.107289635
0.20817213
0.12991592
0.08523388
0.17438039
0.22267877
0.24003403
0.23176831
0.2394667
0.19830695
0.1866988
0.21496454
0.22259016
0.19960847
0.1322547
0.0877999
0.44050857
0.44443762
0.48377097
0.4359971
0.446579
0.503624
0.44440427
0.41967896
0.3835059
0.12044813
0.07896363
0.24125852
0.24691842
0.2837669
0.24847971
0.24175252
0.2112747
0.08112517
0.18219358
0.20319696
0.17118602
0.08203933
0.07277467
0.3058303
0.07292613
0.07271555
0.084446445
0.10651643
0.15092291
0.21777087
0.2629266
0.08521289
0.15028833
0.2418503
0.1391686
0.12761234
0.3836484
0.12737025
0.09536354
0.13077383
0.10601264
0.14991902
0.09386299
0.09385573
0.22719575
0.1709014
0.18905193
0.09010728
0.09295319
0.23301722
0.10276288
0.102970205
0.10265432
0.10266106
0.14746502
0.10285553
0.10296243
0.20327297
0.09206195
0.10307678
0.08132064
0.09675197
0.23036443
0.10884132
0.09756251
0.16455683
0.09922795
0.1919753
0.09942293
0.08866366
0.16693017
0.16667971
0.0998852
0.10197723
0.101855315
0.20056473
0.11305484
0.20472136
0.08253334
0.09417162
0.17234927
0.083813325
0.09709504
0.16717689
0.09767961
0.09746382
0.0867628
0.42783478
0.08150524
0.19460668
0.24950142
0.13734865
0.15947874
0.27704525
0.34424952
0.32720345
0.35476038
0.2669396
0.24114226
0.12913175
0.18500336
0.1190006
0.118444026
0.47324118
0.13048463
0.14126289
0.41949478
0.13026433
0.16296221
0.18582349
0.1188923
0.24135053
0.22583164
0.119841695
0.23145184
0.12953725
0.34331673
0.1324298
0.1552164
0.14867814
0.23808318
0.12753463
0.11625963
0.20547014
0.22746558
0.4944596
0.12772015
0.14855897
0.19464558
0.12793663
0.25468618
0.19479024
0.13866308
0.2975745
0.172233
0.13929722
0.12776804
0.19476269
0.25005254
0.14970514
0.12676765
0.116302915
0.147133
0.3675042
0.13655895
0.14702065
0.33614588
0.15905914
0.14682153
0.30935317
0.15477842
0.27644116
0.1762173
0.13177416
0.24942057
0.18776928
0.12085454
0.14278811
0.23179686
0.2536456
0.14255854
0.1981632
0.1758151
0.16310948
0.36272928
0.14077543
0.140645
0.351908
0.1647351
0.12033508
0.0916932
0.10308334
0.33699405
0.45548588
0.11553116
0.12673502
0.1454023
0.14960518
0.094022565
0.09447913
0.09417451
0.12194766
0.20556954
0.16657262
0.22838934
0.15828459
0.091218114
0.09096712
0.113428466
0.16635208
0.16574739
0.14399484
0.19818437
0.15439981
0.098586306
0.09804326
0.108948715
0.10881313
0.30861744
0.09806517
0.09720542
0.24633898
0.09713897
0.09649177
0.19654734
0.10630484
0.1931721
0.18352221
0.10551658
0.16061749
0.08265016
0.07170933
0.095378205
0.08401885
0.17287517
0.10698444
0.09491134
0.14551713
0.094282635
0.09481151
0.1168523
0.09387374
0.2600834
0.1050387
0.09380812
0.2608742
